 2.99657534246575e-001    1.55104816947183e-002
 3.50171232876712e-001    1.78700946330488e-002
 3.99828767123288e-001    2.12603401495599e-002
 4.50342465753425e-001    2.39205435334083e-002
 5.00000000000000e-001    2.62801932367150e-002
 5.49657534246575e-001    2.89189626394312e-002
 6.00171232876712e-001    3.19012272149060e-002
 6.49828767123288e-001    3.42394061721042e-002
 7.00342465753425e-001    3.69210803020610e-002
 7.50000000000000e-001    3.87654320987654e-002
 7.99657534246575e-001    4.15330259781322e-002
 8.50171232876712e-001    4.36349899631615e-002
 8.99828767123288e-001    4.60375811586850e-002
 9.50342465753425e-001    4.71304200766182e-002
 1.00000000000000e+000    4.84594739667203e-002
 1.04965753424658e+000    4.95308789035214e-002
 1.10017123287671e+000    5.07740130442136e-002
 1.14982876712329e+000    5.12657078360870e-002
 1.20034246575342e+000    5.18003073552011e-002
 1.25000000000000e+000    5.22705314009662e-002
 1.29965753424658e+000    5.27836969389481e-002
 1.35017123287671e+000    5.28674107897852e-002
 1.39982876712329e+000    5.29726321517070e-002
 1.45034246575342e+000    5.29919337642189e-002
 1.50000000000000e+000    5.31400966183575e-002
 1.54965753424658e+000    5.32882594724961e-002
 1.60017123287671e+000    5.34793270538754e-002
 1.64982876712329e+000    5.36274899080140e-002
 1.70034246575342e+000    5.37541452510680e-002
 1.75000000000000e+000    5.30220075147611e-002
 1.79965753424658e+000    5.20966330634784e-002
 1.85017123287671e+000    5.13215170699785e-002
 1.89982876712329e+000    5.05249670953463e-002
 1.95034246575342e+000    5.02866197545570e-002
 2.00000000000000e+000    5.00697799248524e-002
 2.04965753424658e+000    4.98744108412562e-002
 2.10017123287671e+000    4.96790049926838e-002
 2.14982876712329e+000    4.92903991941117e-002
 2.20034246575342e+000    4.88158736461298e-002
 2.25000000000000e+000    4.84057971014493e-002
 2.29965753424658e+000    4.80386620489857e-002
 2.35017123287671e+000    4.79291391848470e-002
 2.39982876712329e+000    4.79270068162266e-002
 2.45034246575342e+000    4.78389546981963e-002
 2.50000000000000e+000    4.77724100912507e-002
 2.54965753424658e+000    4.71476260854859e-002
 2.60017123287671e+000    4.65657468069618e-002
 2.64982876712329e+000    4.58765505628718e-002
 2.70034246575342e+000    4.52732005382393e-002
 2.75000000000000e+000    4.52281266774020e-002
 2.79965753424658e+000    4.53118772932154e-002
 2.85017123287671e+000    4.53741203979441e-002
 2.89982876712329e+000    4.54149295215406e-002
 2.95034246575342e+000    4.53912896418356e-002
 3.00000000000000e+000    4.52388620504562e-002
 3.04965753424658e+000    4.51723174435106e-002
 3.10017123287671e+000    4.51057360715888e-002
 3.14982876712329e+000    4.38368296825712e-002
 3.20034246575342e+000    4.26752402591196e-002
 3.25000000000000e+000    4.12989801395598e-002
 3.29965753424658e+000    4.01374274810844e-002
 3.35017123287671e+000    4.04787902852227e-002
 3.39982876712329e+000    4.09275435848793e-002
 3.45034246575342e+000    4.14836138501018e-002
 3.50000000000000e+000    4.19108964036500e-002
 3.54965753424658e+000    4.24670034338488e-002
 3.60017123287671e+000    4.29586614607460e-002
 3.64982876712329e+000    4.35362392370532e-002
 3.70034246575342e+000    4.40064265178420e-002
 3.75000000000000e+000    4.38110574342458e-002
 3.79965753424658e+000    4.35298053662159e-002
 3.85017123287671e+000    4.32270457871014e-002
 3.89982876712329e+000    4.29672644651799e-002
 3.95034246575342e+000    4.15050845962103e-002
 4.00000000000000e+000    4.01288244766506e-002
 4.04965753424658e+000    3.85378568960066e-002
 4.10017123287671e+000    3.71615600114707e-002
 4.14982876712329e+000    3.78894330105368e-002
 4.20034246575342e+000    3.86602107368437e-002
 4.25000000000000e+000    3.95813204508857e-002
 4.29965753424658e+000    4.03736056882771e-002
 4.35017123287671e+000    3.91476040265002e-002
 4.39982876712329e+000    3.79645806219163e-002
 4.45034246575343e+000    3.65668129912720e-002
 